6 0.662109375 0.6735749421296297 0.66796875 0.6823640046296297 0.6650390625 0.6891999421296297 0.6962890625 0.7038483796296297 0.7021484375 0.6970124421296297 0.71484375 0.6989655671296297 0.7412109375 0.6940827546296297 0.78125 0.6735749421296297 0.865234375 0.6179108796296297 0.8681640625 0.6081452546296297 0.8583984375 0.5817780671296297 0.84375 0.5690827546296297 0.7880859375 0.5573640046296297 0.7548828125 0.5573640046296297 0.724609375 0.5671296296296297 0.6728515625 0.5710358796296297 0.6103515625 0.5993561921296297 0.5986328125 0.6120515046296297 0.5986328125 0.6198640046296297 0.6201171875 0.6472077546296297 0.6484375 0.6686921296296297 0.662109375 0.6735749421296297
18 0.2958984375 0.47826244212962965 0.314453125 0.48314525462962965 0.3203125 0.49193431712962965 0.3564453125 0.48607494212962965 0.3916015625 0.48412181712962965 0.408203125 0.48705150462962965 0.41796875 0.48412181712962965 0.4404296875 0.5046296296296297 0.4423828125 0.5114655671296297 0.44921875 0.5085358796296297 0.4775390625 0.47728587962962965 0.4912109375 0.47044994212962965 0.5029296875 0.45580150462962965 0.505859375 0.41478587962962965 0.4990234375 0.39525462962962965 0.484375 0.38841869212962965 0.4853515625 0.36009837962962965 0.47265625 0.32298900462962965 0.462890625 0.31224681712962965 0.4287109375 0.29662181712962965 0.365234375 0.29564525462962965 0.3408203125 0.30150462962962965 0.3037109375 0.32005931712962965 0.2919921875 0.33177806712962965 0.2841796875 0.35326244212962965 0.27734375 0.41283275462962965 0.2724609375 0.42259837962962965 0.2763671875 0.45873119212962965 0.2958984375 0.47826244212962965
19 0.4873046875 0.36107494212962965 0.4873046875 0.38646556712962965 0.5009765625 0.39330150462962965 0.505859375 0.38939525462962965 0.513671875 0.36498119212962965 0.5283203125 0.34740306712962965 0.556640625 0.33177806712962965 0.5751953125 0.32591869212962965 0.59765625 0.32494212962962965 0.6240234375 0.33177806712962965 0.6376953125 0.33959056712962965 0.65234375 0.35423900462962965 0.66015625 0.36986400462962965 0.6640625 0.39623119212962965 0.658203125 0.43334056712962965 0.671875 0.44017650462962965 0.677734375 0.43919994212962965 0.6982421875 0.41380931712962965 0.7158203125 0.40697337962962965 0.72265625 0.40892650462962965 0.7333984375 0.43041087962962965 0.7412109375 0.43334056712962965 0.7568359375 0.42845775462962965 0.765625 0.44603587962962965 0.787109375 0.45091869212962965 0.7998046875 0.40306712962962965 0.818359375 0.39037181712962965 0.826171875 0.37572337962962965 0.826171875 0.37181712962962965 0.7998046875 0.36009837962962965 0.76171875 0.35033275462962965 0.744140625 0.31712962962962965 0.7373046875 0.31810619212962965 0.728515625 0.31322337962962965 0.712890625 0.29076244212962965 0.587890625 0.26341869212962965 0.5712890625 0.26927806712962965 0.5400390625 0.28978587962962965 0.5263671875 0.28294994212962965 0.517578125 0.27220775462962965 0.51171875 0.27220775462962965 0.5029296875 0.28197337962962965 0.4912109375 0.28490306712962965 0.4814453125 0.29271556712962965 0.462890625 0.29466869212962965 0.4560546875 0.29955150462962965 0.453125 0.30345775462962965 0.4716796875 0.31517650462962965 0.4814453125 0.34056712962962965 0.4873046875 0.36107494212962965
19 0.744140625 0.45970775462962965 0.7490234375 0.45287181712962965 0.712890625 0.43529369212962965 0.6943359375 0.44896556712962965 0.693359375 0.45189525462962965 0.7333984375 0.47533275462962965 0.7421875 0.47337962962962965 0.744140625 0.45970775462962965
21 0.5419921875 0.46752025462962965 0.56640625 0.47435619212962965 0.595703125 0.47337962962962965 0.634765625 0.45580150462962965 0.65625 0.43236400462962965 0.6630859375 0.39330150462962965 0.658203125 0.36693431712962965 0.63671875 0.34056712962962965 0.6171875 0.33080150462962965 0.599609375 0.32689525462962965 0.5654296875 0.32982494212962965 0.5283203125 0.35130931712962965 0.5078125 0.38060619212962965 0.50390625 0.39623119212962965 0.51171875 0.43627025462962965 0.5283203125 0.45775462962962965 0.5419921875 0.46752025462962965
0 0.2646484375 0.47728587962962965 0.2646484375 0.46263744212962965 0.259765625 0.45677806712962965 0.2509765625 0.45677806712962965 0.23828125 0.46361400462962965 0.232421875 0.47337962962962965 0.2314453125 0.48216869212962965 0.2353515625 0.48802806712962965 0.2578125 0.48802806712962965 0.2646484375 0.47728587962962965
0 0.4892578125 0.5632233796296297 0.486328125 0.5554108796296297 0.4755859375 0.5495515046296297 0.451171875 0.5485749421296297 0.443359375 0.5534577546296297 0.443359375 0.5671296296296297 0.453125 0.5729890046296297 0.48046875 0.5739655671296297 0.4892578125 0.5632233796296297
0 0.5107421875 0.7106843171296297 0.515625 0.6999421296296297 0.5068359375 0.6901765046296297 0.494140625 0.6882233796296297 0.474609375 0.6960358796296297 0.4677734375 0.7038483796296297 0.466796875 0.7116608796296297 0.470703125 0.7175202546296297 0.4873046875 0.7214265046296297 0.5107421875 0.7106843171296297
0 0.427734375 0.6237702546296297 0.4453125 0.6130280671296297 0.443359375 0.5974030671296297 0.4375 0.5934968171296297 0.388671875 0.5905671296296297 0.369140625 0.6013093171296297 0.3701171875 0.6130280671296297 0.3798828125 0.6188874421296297 0.40625 0.6179108796296297 0.427734375 0.6237702546296297
0 0.25 0.6628327546296297 0.26171875 0.6706452546296297 0.279296875 0.6725983796296297 0.29296875 0.6686921296296297 0.3115234375 0.6725983796296297 0.3173828125 0.6686921296296297 0.3193359375 0.6579499421296297 0.310546875 0.6403718171296297 0.2802734375 0.6110749421296297 0.263671875 0.6140046296296297 0.2548828125 0.6247468171296297 0.2333984375 0.6169343171296297 0.22265625 0.6188874421296297 0.21875 0.6247468171296297 0.21875 0.6354890046296297 0.22265625 0.6413483796296297 0.2431640625 0.6511140046296297 0.25 0.6628327546296297
0 0.162109375 0.5641999421296297 0.162109375 0.5729890046296297 0.1689453125 0.5808015046296297 0.216796875 0.5934968171296297 0.240234375 0.5915436921296297 0.2470703125 0.5856843171296297 0.248046875 0.5749421296296297 0.2421875 0.5661530671296297 0.2080078125 0.5456452546296297 0.2333984375 0.5222077546296297 0.2275390625 0.5056061921296297 0.1953125 0.5026765046296297 0.1845703125 0.49681712962962965 0.177734375 0.5007233796296297 0.171875 0.5143952546296297 0.1591796875 0.5261140046296297 0.158203125 0.5368561921296297 0.166015625 0.5427155671296297 0.169921875 0.5524811921296297 0.162109375 0.5641999421296297
0 0.3017578125 0.5202546296296297 0.30078125 0.5339265046296297 0.3046875 0.5378327546296297 0.318359375 0.5388093171296297 0.3359375 0.5300202546296297 0.349609375 0.5417390046296297 0.3486328125 0.5563874421296297 0.3564453125 0.5612702546296297 0.373046875 0.5583405671296297 0.3857421875 0.5436921296296297 0.4248046875 0.5446686921296297 0.4345703125 0.5319733796296297 0.427734375 0.5222077546296297 0.29296875 0.48412181712962965 0.275390625 0.48509837962962965 0.2685546875 0.49095775462962965 0.267578125 0.5007233796296297 0.2724609375 0.5085358796296297 0.29296875 0.5124421296296297 0.3017578125 0.5202546296296297
21 0.5654296875 0.47435619212962965 0.595703125 0.47337962962962965 0.634765625 0.45580150462962965 0.65625 0.43236400462962965 0.662109375 0.40599681712962965 0.662109375 0.38451244212962965 0.65234375 0.35716869212962965 0.6298828125 0.33666087962962965 0.6005859375 0.32689525462962965 0.5712890625 0.32787181712962965 0.5322265625 0.34837962962962965 0.5107421875 0.37279369212962965 0.505859375 0.38841869212962965 0.5078125 0.42455150462962965 0.5146484375 0.44212962962962965 0.5341796875 0.46263744212962965 0.5654296875 0.47435619212962965
17 0.775390625 0.5427155671296297 0.8154296875 0.5349030671296297 0.8271484375 0.5602936921296297 0.84765625 0.5641999421296297 0.8525390625 0.5524811921296297 0.8486328125 0.5251374421296297 0.8310546875 0.46752025462962965 0.8203125 0.44212962962962965 0.8115234375 0.43334056712962965 0.794921875 0.43822337962962965 0.79296875 0.43529369212962965 0.7919921875 0.44115306712962965 0.79296875 0.46263744212962965 0.8046875 0.48216869212962965 0.8134765625 0.5134186921296297 0.8095703125 0.5222077546296297 0.767578125 0.5095124421296297 0.7138671875 0.5153718171296297 0.6669921875 0.5300202546296297 0.646484375 0.5485749421296297 0.6455078125 0.5602936921296297 0.654296875 0.5612702546296297 0.7236328125 0.5456452546296297 0.775390625 0.5427155671296297
17 0.5625 0.5212311921296297 0.5703125 0.5329499421296297 0.5517578125 0.5436921296296297 0.5498046875 0.5612702546296297 0.5654296875 0.5700593171296297 0.5810546875 0.5710358796296297 0.701171875 0.5075593171296297 0.7080078125 0.49974681712962965 0.7080078125 0.49193431712962965 0.6875 0.45970775462962965 0.6669921875 0.45580150462962965 0.5517578125 0.48998119212962965 0.490234375 0.5036530671296297 0.4775390625 0.5222077546296297 0.4765625 0.5270905671296297 0.4833984375 0.5358796296296297 0.498046875 0.5407624421296297 0.5625 0.5212311921296297