6 0.3623046875 0.5842737268518519 0.3798828125 0.6028284143518519 0.3916015625 0.6252893518518519 0.3916015625 0.6448206018518519 0.3828125 0.6653284143518519 0.3876953125 0.6829065393518519 0.38671875 0.6975549768518519 0.39453125 0.7053674768518519 0.4423828125 0.7151331018518519 0.5341796875 0.7063440393518519 0.537109375 0.6672815393518519 0.5283203125 0.6623987268518519 0.533203125 0.6448206018518519 0.5302734375 0.6340784143518519 0.53515625 0.6213831018518519 0.5458984375 0.6096643518518519 0.5615234375 0.5989221643518519 0.5703125 0.5862268518518519 0.57421875 0.5862268518518519 0.5791015625 0.5725549768518519 0.5751953125 0.5588831018518519 0.5771484375 0.5373987268518519 0.5966796875 0.5286096643518519 0.5927734375 0.5071252893518519 0.5830078125 0.49931278935185186 0.5751953125 0.49931278935185186 0.5693359375 0.49247685185185186 0.546875 0.48466435185185186 0.5048828125 0.48661747685185186 0.46875 0.47587528935185186 0.443359375 0.48466435185185186 0.4248046875 0.48368778935185186 0.4013671875 0.5032190393518519 0.3740234375 0.5159143518518519 0.357421875 0.5159143518518519 0.345703125 0.5207971643518519 0.3408203125 0.5413049768518519 0.345703125 0.5461877893518519 0.34375 0.5540002893518519 0.3623046875 0.5842737268518519
18 0.2724609375 0.5500940393518519 0.2900390625 0.5305627893518519 0.2861328125 0.5178674768518519 0.29296875 0.5002893518518519 0.2890625 0.49735966435185186 0.2685546875 0.5002893518518519 0.240234375 0.5090784143518519 0.234375 0.5159143518518519 0.2294921875 0.5344690393518519 0.236328125 0.5481409143518519 0.244140625 0.5530237268518519 0.2724609375 0.5500940393518519
18 0.3779296875 0.38310185185185186 0.390625 0.36845341435185186 0.3828125 0.36259403935185186 0.38671875 0.34696903935185186 0.375 0.34403935185185186 0.365234375 0.32646122685185186 0.3486328125 0.32353153935185186 0.32421875 0.33817997685185186 0.3271484375 0.35087528935185186 0.3232421875 0.35575810185185186 0.353515625 0.38505497685185186 0.3779296875 0.38310185185185186
18 0.251953125 0.45439091435185186 0.28515625 0.43681278935185186 0.2880859375 0.41239872685185186 0.310546875 0.38700810185185186 0.3232421875 0.37821903935185186 0.3095703125 0.37528935185185186 0.2861328125 0.36064091435185186 0.275390625 0.35868778935185186 0.25 0.38114872685185186 0.2490234375 0.39091435185185186 0.2392578125 0.40458622685185186 0.2421875 0.42021122685185186 0.2373046875 0.43778935185185186 0.244140625 0.44950810185185186 0.251953125 0.45439091435185186
18 0.31640625 0.5276331018518519 0.31640625 0.5393518518518519 0.328125 0.5325159143518519 0.333984375 0.5207971643518519 0.3955078125 0.5061487268518519 0.4267578125 0.47978153935185186 0.4306640625 0.47099247685185186 0.44140625 0.46220341435185186 0.435546875 0.46317997685185186 0.4326171875 0.45439091435185186 0.4384765625 0.43778935185185186 0.4287109375 0.41044560185185186 0.4287109375 0.38212528935185186 0.4228515625 0.37821903935185186 0.4013671875 0.37724247685185186 0.396484375 0.37333622685185186 0.3955078125 0.38896122685185186 0.3857421875 0.40458622685185186 0.3662109375 0.40458622685185186 0.3544921875 0.39579716435185186 0.333984375 0.39286747685185186 0.314453125 0.41532841435185186 0.2919921875 0.47978153935185186 0.3134765625 0.49833622685185186 0.306640625 0.5217737268518519 0.31640625 0.5276331018518519
17 0.5771484375 0.49052372685185186 0.6611328125 0.5256799768518519 0.6796875 0.5852502893518519 0.6533203125 0.6184534143518519 0.62890625 0.6409143518518519 0.625 0.6545862268518519 0.6455078125 0.6575159143518519 0.666015625 0.6360315393518519 0.67578125 0.6360315393518519 0.6845703125 0.6448206018518519 0.6923828125 0.6428674768518519 0.755859375 0.5745081018518519 0.7578125 0.5647424768518519 0.7529296875 0.5598596643518519 0.7529296875 0.5530237268518519 0.7626953125 0.5442346643518519 0.7421875 0.49150028935185186 0.751953125 0.48564091435185186 0.7529296875 0.47685185185185186 0.7431640625 0.44462528935185186 0.7333984375 0.38700810185185186 0.728515625 0.37919560185185186 0.7119140625 0.38212528935185186 0.7099609375 0.34599247685185186 0.7041015625 0.34403935185185186 0.6962890625 0.34892216435185186 0.6884765625 0.35771122685185186 0.6801757824074074 0.37821903935185186 0.673828125 0.37919560185185186 0.6513671875 0.43681278935185186 0.642578125 0.44950810185185186 0.623046875 0.44267216435185186 0.609375 0.44267216435185186 0.5673828125 0.45439091435185186 0.5703125 0.46806278935185186 0.576171875 0.47392216435185186 0.5732421875 0.48564091435185186 0.5771484375 0.49052372685185186
0 0.6787109375 0.37724247685185186 0.681640625 0.36454716435185186 0.6708984375 0.35966435185185186 0.654296875 0.37528935185185186 0.654296875 0.38798466435185186 0.6650390625 0.39091435185185186 0.6669921875 0.37919560185185186 0.6787109375 0.37724247685185186
0 0.609375 0.43095341435185186 0.60546875 0.41825810185185186 0.59375 0.41630497685185186 0.5859375 0.42607060185185186 0.5849609375 0.43778935185185186 0.5888671875 0.44560185185185186 0.607421875 0.44267216435185186 0.609375 0.43095341435185186
0 0.62890625 0.33329716435185186 0.6259765625 0.31767216435185186 0.6220703125 0.31376591435185186 0.6123046875 0.31474247685185186 0.6064453125 0.32548466435185186 0.6083984375 0.34403935185185186 0.6123046875 0.34696903935185186 0.6220703125 0.34501591435185186 0.62890625 0.33329716435185186
0 0.57421875 0.47782841435185186 0.57421875 0.47001591435185186 0.5673828125 0.46122685185185186 0.5419921875 0.46415653935185186 0.541015625 0.47392216435185186 0.5498046875 0.48173466435185186 0.564453125 0.48368778935185186 0.57421875 0.47782841435185186
0 0.5654296875 0.32450810185185186 0.568359375 0.31767216435185186 0.5625 0.30790653935185186 0.5478515625 0.30790653935185186 0.5361328125 0.31278935185185186 0.5322265625 0.31864872685185186 0.53125 0.32646122685185186 0.53515625 0.33036747685185186 0.55078125 0.33134403935185186 0.5654296875 0.32450810185185186
0 0.51171875 0.30009403935185186 0.5068359375 0.29325810185185186 0.4873046875 0.29130497685185186 0.4765625 0.30204716435185186 0.4755859375 0.32939091435185186 0.498046875 0.32939091435185186 0.5087890625 0.32060185185185186 0.51171875 0.30009403935185186
0 0.4072265625 0.37138310185185186 0.4140625 0.37724247685185186 0.4375 0.44657841435185186 0.43359375 0.45243778935185186 0.4375 0.46610966435185186 0.4296875 0.47880497685185186 0.439453125 0.48271122685185186 0.4501953125 0.47685185185185186 0.470703125 0.47392216435185186 0.4921875 0.47685185185185186 0.5126953125 0.48466435185185186 0.5244140625 0.48368778935185186 0.5400390625 0.46220341435185186 0.5390625 0.44071903935185186 0.53515625 0.43778935185185186 0.515625 0.43974247685185186 0.5048828125 0.43290653935185186 0.484375 0.38700810185185186 0.4140625 0.34110966435185186 0.4130859375 0.32450810185185186 0.4013671875 0.31864872685185186 0.390625 0.30400028935185186 0.380859375 0.30400028935185186 0.3701171875 0.31767216435185186 0.369140625 0.33134403935185186 0.3876953125 0.34599247685185186 0.396484375 0.36942997685185186 0.4072265625 0.37138310185185186