17 0.810546875 0.5348307291666666 0.8291015625 0.5279947916666666 0.8564453125 0.5348307291666666 0.880859375 0.5319010416666666 0.8857421875 0.5377604166666666 0.8837890625 0.5445963541666666 0.927734375 0.5660807291666666 0.9521484375 0.5504557291666666 0.9765625 0.5279947916666666 0.9892578125 0.5094401041666666 0.9921875 0.4967447916666667 0.98828125 0.4713541666666667 0.978515625 0.4537760416666667 0.978515625 0.4313151041666667 0.962890625 0.4000651041666667 0.94921875 0.3922526041666667 0.927734375 0.4098307291666667 0.880859375 0.4313151041666667 0.869140625 0.4430338541666667 0.8701171875 0.4469401041666667 0.849609375 0.4625651041666667 0.82421875 0.4908854166666667 0.814453125 0.5211588541666666 0.7900390625 0.5485026041666666 0.8046875 0.5426432291666666 0.810546875 0.5348307291666666
17 0.5283203125 0.4508463541666667 0.5498046875 0.4537760416666667 0.587890625 0.4703776041666667 0.607421875 0.4733072916666667 0.63671875 0.5006510416666666 0.6396484375 0.5133463541666666 0.6572265625 0.5201822916666666 0.6591796875 0.5289713541666666 0.6826171875 0.5416666666666666 0.69921875 0.5436197916666666 0.7158203125 0.5319010416666666 0.73828125 0.5289713541666666 0.75390625 0.5221354166666666 0.76953125 0.4967447916666667 0.794921875 0.4781901041666667 0.814453125 0.4537760416666667 0.845703125 0.4274088541666667 0.8603515625 0.3942057291666667 0.8916015625 0.3863932291666667 0.916015625 0.3746744791666667 0.943359375 0.3707682291666667 0.9443359375 0.3668619791666667 0.927734375 0.3395182291666667 0.90234375 0.3151041666666667 0.865234375 0.3277994791666667 0.853515625 0.3541666666666667 0.7900390625 0.3434244791666667 0.78125 0.3151041666666667 0.7734375 0.3082682291666667 0.7490234375 0.3082682291666667 0.73046875 0.2994791666666667 0.7216796875 0.3072916666666667 0.712890625 0.3082682291666667 0.6962890625 0.3024088541666667 0.671875 0.3072916666666667 0.650390625 0.2965494791666667 0.6435546875 0.3014322916666667 0.6435546875 0.3229166666666667 0.63671875 0.3336588541666667 0.6103515625 0.3346354166666667 0.5869140625 0.3287760416666667 0.5625 0.3277994791666667 0.55078125 0.3375651041666667 0.5439453125 0.3570963541666667 0.5322265625 0.3629557291666667 0.5185546875 0.3619791666666667 0.513671875 0.3678385416666667 0.513671875 0.3756510416666667 0.5244140625 0.4000651041666667 0.5185546875 0.4371744791666667 0.5283203125 0.4508463541666667
11 0.390625 0.7106119791666666 0.396484375 0.7067057291666666 0.4033203125 0.6735026041666666 0.3662109375 0.6715494791666666 0.3603515625 0.6676432291666666 0.359375 0.6529947916666666 0.3447265625 0.6539713541666666 0.3359375 0.6647135416666666 0.333984375 0.6744791666666666 0.3388671875 0.6949869791666666 0.3564453125 0.7047526041666666 0.390625 0.7106119791666666
11 0.154296875 0.5963541666666666 0.16796875 0.5807291666666666 0.16796875 0.5748697916666666 0.158203125 0.5631510416666666 0.12890625 0.5631510416666666 0.0810546875 0.5563151041666666 0.0703125 0.5563151041666666 0.06640625 0.5611979166666666 0.068359375 0.5709635416666666 0.0732421875 0.5748697916666666 0.1396484375 0.5973307291666666 0.154296875 0.5963541666666666
11 0.4775390625 0.7301432291666666 0.517578125 0.7174479166666666 0.5263671875 0.7047526041666666 0.5244140625 0.6861979166666666 0.5146484375 0.6598307291666666 0.50390625 0.6520182291666666 0.4326171875 0.6725260416666666 0.4208984375 0.6861979166666666 0.4189453125 0.6959635416666666 0.4189453125 0.7086588541666666 0.4326171875 0.7291666666666666 0.4443359375 0.7350260416666666 0.4775390625 0.7301432291666666
11 0.3388671875 0.5231119791666666 0.37890625 0.5152994791666666 0.4111328125 0.5201822916666666 0.427734375 0.5162760416666666 0.4404296875 0.5026041666666666 0.4580078125 0.5016276041666666 0.3603515625 0.4752604166666667 0.3544921875 0.4752604166666667 0.349609375 0.4889322916666667 0.341796875 0.4908854166666667 0.3310546875 0.4694010416666667 0.2822265625 0.4645182291666667 0.27734375 0.4733072916666667 0.27734375 0.5143229166666666 0.279296875 0.5182291666666666 0.29296875 0.5211588541666666 0.3388671875 0.5231119791666666
11 0.5888671875 0.5455729166666666 0.5986328125 0.5475260416666666 0.6123046875 0.5397135416666666 0.626953125 0.5240885416666666 0.6318359375 0.5123697916666666 0.6328125 0.5016276041666666 0.6123046875 0.4811197916666667 0.5498046875 0.4567057291666667 0.529296875 0.4547526041666667 0.515625 0.4820963541666667 0.5146484375 0.5026041666666666 0.5185546875 0.5104166666666666 0.5341796875 0.5211588541666666 0.5888671875 0.5455729166666666
6 0.3759765625 0.6178385416666666 0.3759765625 0.6422526041666666 0.40625 0.6559244791666666 0.412109375 0.6725260416666666 0.427734375 0.6725260416666666 0.4423828125 0.6627604166666666 0.447265625 0.6549479166666666 0.466796875 0.6569010416666666 0.4765625 0.6539713541666666 0.474609375 0.6461588541666666 0.4853515625 0.6354166666666666 0.517578125 0.5289713541666666 0.5185546875 0.5192057291666666 0.5126953125 0.5104166666666666 0.51171875 0.4967447916666667 0.5068359375 0.4908854166666667 0.4912109375 0.4899088541666667 0.4580078125 0.5065104166666666 0.44140625 0.5035807291666666 0.4169921875 0.5270182291666666 0.3408203125 0.5670572916666666 0.31640625 0.5856119791666666 0.3154296875 0.6012369791666666 0.3203125 0.6149088541666666 0.3662109375 0.6090494791666666 0.3759765625 0.6178385416666666
18 0.4375 0.3082682291666667 0.4267578125 0.3043619791666667 0.41796875 0.3102213541666667 0.4140625 0.3180338541666667 0.4130859375 0.3268229166666667 0.4228515625 0.3326822916666667 0.4345703125 0.3229166666666667 0.4375 0.3082682291666667
18 0.16015625 0.3453776041666667 0.150390625 0.3395182291666667 0.123046875 0.3551432291666667 0.125 0.3610026041666667 0.1474609375 0.3610026041666667 0.158203125 0.3531901041666667 0.16015625 0.3453776041666667
18 0.4287109375 0.3912760416666667 0.4326171875 0.3795572916666667 0.427734375 0.3688151041666667 0.3779296875 0.3717447916666667 0.3798828125 0.3805338541666667 0.3935546875 0.3805338541666667 0.4140625 0.3990885416666667 0.4287109375 0.3912760416666667
18 0.0888671875 0.4293619791666667 0.08984375 0.4459635416666667 0.1064453125 0.4488932291666667 0.13671875 0.4459635416666667 0.146484375 0.4342447916666667 0.142578125 0.4254557291666667 0.12890625 0.4225260416666667 0.1279296875 0.4137369791666667 0.142578125 0.4059244791666667 0.1416015625 0.3961588541666667 0.13671875 0.3902994791666667 0.1142578125 0.3785807291666667 0.0849609375 0.3844401041666667 0.0849609375 0.3961588541666667 0.1015625 0.4098307291666667 0.1015625 0.4215494791666667 0.0888671875 0.4293619791666667
18 0.201171875 0.4635416666666667 0.2138671875 0.4733072916666667 0.2626953125 0.4791666666666667 0.3515625 0.4469401041666667 0.345703125 0.4342447916666667 0.3388671875 0.4293619791666667 0.306640625 0.4195963541666667 0.298828125 0.4352213541666667 0.2880859375 0.4342447916666667 0.2822265625 0.4274088541666667 0.2578125 0.4244791666666667 0.2568359375 0.4147135416666667 0.251953125 0.4108072916666667 0.2353515625 0.4186197916666667 0.2333984375 0.4274088541666667 0.23828125 0.4361979166666667 0.2353515625 0.4430338541666667 0.212890625 0.4576822916666667 0.2021484375 0.4596354166666667 0.1923828125 0.4401041666666667 0.17578125 0.4293619791666667 0.16796875 0.4293619791666667 0.16015625 0.4401041666666667 0.1591796875 0.4547526041666667 0.1640625 0.4606119791666667 0.1865234375 0.4586588541666667 0.201171875 0.4635416666666667