14 0.5126953125 0.6610604745370371 0.5283203125 0.6493417245370371 0.529296875 0.6356698495370371 0.5341796875 0.6298104745370371 0.513671875 0.6239510995370371 0.4912109375 0.6034432870370371 0.4794921875 0.5985604745370371 0.45703125 0.6210214120370371 0.4423828125 0.6444589120370371 0.443359375 0.6542245370370371 0.451171875 0.6610604745370371 0.5048828125 0.6766854745370371 0.5126953125 0.6610604745370371
14 0.494140625 0.5809823495370371 0.5341796875 0.5741464120370371 0.5341796875 0.5594979745370371 0.5419921875 0.5370370370370371 0.5390625 0.5162040300925926 0.5458984375 0.5048104745370371 0.537109375 0.49602141203703703 0.541015625 0.48430266203703703 0.478515625 0.49699797453703703 0.44921875 0.5096932870370371 0.4326171875 0.5282479745370371 0.42578125 0.5536385995370371 0.4248046875 0.5634042245370371 0.4638671875 0.5770760995370371 0.474609375 0.5721932870370371 0.494140625 0.5809823495370371
14 0.6298828125 0.6415292245370371 0.642578125 0.6503182870370371 0.65625 0.6493417245370371 0.7265625 0.6024667245370371 0.7138671875 0.5477792245370371 0.69140625 0.5321542245370371 0.673828125 0.5087167245370371 0.6611328125 0.49895109953703703 0.6328125 0.5214120370370371 0.61328125 0.5223885995370371 0.5849609375 0.5389901620370371 0.5546875 0.5663339120370371 0.5478515625 0.5819589120370371 0.54296875 0.5848885995370371 0.5390625 0.5985604745370371 0.5810546875 0.6171151620370371 0.5859375 0.6278573495370371 0.6298828125 0.6415292245370371
0 0.1953125 0.5643807870370371 0.220703125 0.5721932870370371 0.2412109375 0.5682870370370371 0.2421875 0.5565682870370371 0.22265625 0.5409432870370371 0.220703125 0.5282479745370371 0.2138671875 0.5214120370370371 0.1962890625 0.5135995370370371 0.181640625 0.5135995370370371 0.1748046875 0.5194589120370371 0.1767578125 0.5331307870370371 0.197265625 0.5458260995370371 0.193359375 0.5565682870370371 0.1953125 0.5643807870370371
0 0.318359375 0.5546151620370371 0.32421875 0.5594979745370371 0.3515625 0.5634042245370371 0.365234375 0.5546151620370371 0.3662109375 0.5468026620370371 0.3623046875 0.5399667245370371 0.34765625 0.5341073495370371 0.34375 0.5204354745370371 0.337890625 0.5155526620370371 0.302734375 0.5135995370370371 0.2978515625 0.5028573495370371 0.291015625 0.49992766203703703 0.2802734375 0.5018807870370371 0.2705078125 0.5155526620370371 0.2705078125 0.5350839120370371 0.2958984375 0.5350839120370371 0.3134765625 0.5419198495370371 0.318359375 0.5546151620370371
18 0.4775390625 0.48137297453703703 0.4638671875 0.46574797453703703 0.4560546875 0.46965422453703703 0.4375 0.46867766203703703 0.4267578125 0.47551359953703703 0.4287109375 0.48234953703703703 0.4580078125 0.48820891203703703 0.470703125 0.48723234953703703 0.4775390625 0.48137297453703703
18 0.458984375 0.37395109953703703 0.45703125 0.35149016203703703 0.443359375 0.34660734953703703 0.42578125 0.35441984953703703 0.4248046875 0.37102141203703703 0.427734375 0.37492766203703703 0.4521484375 0.37688078703703703 0.458984375 0.37395109953703703
18 0.2236328125 0.45695891203703703 0.234375 0.45207609953703703 0.2353515625 0.43254484953703703 0.244140625 0.42766203703703703 0.279296875 0.42766203703703703 0.2890625 0.40617766203703703 0.2880859375 0.40129484953703703 0.275390625 0.39543547453703703 0.2705078125 0.38469328703703703 0.255859375 0.38957609953703703 0.2294921875 0.37590422453703703 0.23046875 0.39445891203703703 0.22265625 0.39836516203703703 0.2197265625 0.40715422453703703 0.1884765625 0.43059172453703703 0.1875 0.43645109953703703 0.1982421875 0.44719328703703703 0.2001953125 0.45598234953703703 0.2236328125 0.45695891203703703
18 0.501953125 0.45695891203703703 0.5205078125 0.43547453703703703 0.5244140625 0.41301359953703703 0.517578125 0.39836516203703703 0.5029296875 0.39055266203703703 0.501953125 0.38469328703703703 0.4873046875 0.38469328703703703 0.47265625 0.37883391203703703 0.4345703125 0.40227141203703703 0.421875 0.41887297453703703 0.423828125 0.43352141203703703 0.4462890625 0.45598234953703703 0.48828125 0.46086516203703703 0.501953125 0.45695891203703703
18 0.2900390625 0.44328703703703703 0.2978515625 0.44621672453703703 0.302734375 0.45695891203703703 0.298828125 0.46184172453703703 0.302734375 0.47258391203703703 0.333984375 0.46379484953703703 0.341796875 0.44914641203703703 0.3466796875 0.45207609953703703 0.37890625 0.45207609953703703 0.39453125 0.44426359953703703 0.4111328125 0.44133391203703703 0.4013671875 0.43352141203703703 0.404296875 0.42766203703703703 0.4140625 0.42473234953703703 0.4130859375 0.41789641203703703 0.3798828125 0.41008391203703703 0.369140625 0.41594328703703703 0.3505859375 0.39738859953703703 0.3447265625 0.38566984953703703 0.333984375 0.38566984953703703 0.32421875 0.37395109953703703 0.2958984375 0.37785734953703703 0.29296875 0.38469328703703703 0.2958984375 0.41887297453703703 0.30078125 0.42277922453703703 0.3037109375 0.43547453703703703 0.2900390625 0.44328703703703703
17 0.7578125 0.44133391203703703 0.7734375 0.45109953703703703 0.7783203125 0.45988859953703703 0.79296875 0.46379484953703703 0.79296875 0.46965422453703703 0.7978515625 0.46672453703703703 0.796875 0.46184172453703703 0.8115234375 0.45305266203703703 0.8125 0.44328703703703703 0.7724609375 0.41301359953703703 0.7607421875 0.41984953703703703 0.763671875 0.42570891203703703 0.7578125 0.43156828703703703 0.76171875 0.43840422453703703 0.7578125 0.44133391203703703
17 0.75 0.47746672453703703 0.7490234375 0.45793547453703703 0.7421875 0.44816984953703703 0.7333984375 0.44426359953703703 0.728515625 0.44621672453703703 0.705078125 0.5009042245370371 0.705078125 0.5223885995370371 0.7265625 0.5214120370370371 0.734375 0.5145760995370371 0.75 0.47746672453703703
17 0.8359375 0.5428964120370371 0.8466796875 0.5380135995370371 0.845703125 0.5126229745370371 0.818359375 0.48430266203703703 0.8017578125 0.48137297453703703 0.787109375 0.48820891203703703 0.787109375 0.5018807870370371 0.7919921875 0.5126229745370371 0.8212890625 0.5428964120370371 0.8359375 0.5428964120370371
17 0.564453125 0.5048104745370371 0.5703125 0.5116464120370371 0.5810546875 0.5135995370370371 0.60546875 0.5116464120370371 0.6806640625 0.47649016203703703 0.6865234375 0.46867766203703703 0.685546875 0.45500578703703703 0.6748046875 0.44328703703703703 0.6669921875 0.44328703703703703 0.6494140625 0.45402922453703703 0.64453125 0.44426359953703703 0.6513671875 0.42863859953703703 0.6455078125 0.42375578703703703 0.5693359375 0.44816984953703703 0.5263671875 0.45109953703703703 0.525390625 0.45793547453703703 0.5302734375 0.46477141203703703 0.5693359375 0.48723234953703703 0.564453125 0.5048104745370371
21 0.64453125 0.41301359953703703 0.69921875 0.37981047453703703 0.705078125 0.37297453703703703 0.705078125 0.36613859953703703 0.69921875 0.35832609953703703 0.6787109375 0.34856047453703703 0.6494140625 0.34074797453703703 0.62890625 0.34074797453703703 0.5888671875 0.35441984953703703 0.5771484375 0.36613859953703703 0.572265625 0.38176359953703703 0.5751953125 0.40813078703703703 0.5869140625 0.42473234953703703 0.6025390625 0.43254484953703703 0.64453125 0.41301359953703703
19 0.5224609375 0.39348234953703703 0.5224609375 0.40715422453703703 0.52734375 0.41984953703703703 0.533203125 0.41887297453703703 0.5517578125 0.42668547453703703 0.5595703125 0.43742766203703703 0.56640625 0.43938078703703703 0.5810546875 0.42961516203703703 0.58203125 0.41106047453703703 0.658203125 0.40617766203703703 0.681640625 0.41496672453703703 0.689453125 0.42180266203703703 0.712890625 0.42473234953703703 0.734375 0.40617766203703703 0.7314453125 0.36320891203703703 0.765625 0.34074797453703703 0.759765625 0.31926359953703703 0.7509765625 0.31828703703703703 0.7421875 0.32414641203703703 0.7034501944444445 0.32902922453703703 0.6806640625 0.32121672453703703 0.6640625 0.32414641203703703 0.6318359375 0.31828703703703703 0.619140625 0.33098234953703703 0.5869140625 0.34172453703703703 0.5791015625 0.33879484953703703 0.564453125 0.32024016203703703 0.5615234375 0.31340422453703703 0.5634765625 0.30070891203703703 0.5458984375 0.30168547453703703 0.54296875 0.28899016203703703 0.5302734375 0.29289641203703703 0.5234375 0.30266203703703703 0.51171875 0.30852141203703703 0.4921875 0.30266203703703703 0.4794921875 0.31828703703703703 0.4755859375 0.33781828703703703 0.4736328125 0.36125578703703703 0.478515625 0.36223234953703703 0.4970703125 0.35246672453703703 0.5224609375 0.39348234953703703