14 0.49261417361111115 0.3113180069444445 0.4769383773148148 0.3238170763888889 0.47635201851851855 0.3378748240740741 0.4715201319444444 0.34403529166666663 0.49274035185185183 0.3494238472222222 0.516409912037037 0.36978308564814816 0.5285824027777778 0.3744368356481481 0.5509456481481482 0.3507078981481481 0.5652631736111111 0.32621446527777775 0.5639642777777778 0.3162241157407408 0.5557404259259259 0.30944759953703704 0.5001551782407407 0.2950484305555556 0.49261417361111115 0.3113180069444445
14 0.5857634328703704 0.4088463958333333 0.5452676273148148 0.39600590277777775 0.5343940277777778 0.40134250000000005 0.5140867453703704 0.39291824537037034 0.4732124050925926 0.40114952083333333 0.47365774074074074 0.41617958101851854 0.4663245578703704 0.43946318749999996 0.4699639236111111 0.4607498703703704 0.46329627777777777 0.47264807407407405 0.4725815138888889 0.4813989074074074 0.46892976620370375 0.49354171296296295 0.5326720648148148 0.4786155648148148 0.5623462291666667 0.4646988425925926 0.5788162060185185 0.4451560532407407 0.5850583194444444 0.41889612499999995 0.5857634328703704 0.4088463958333333
14 0.458946837962963 0.3935491365740741 0.46386779166666664 0.3903946782407407 0.4674601597222222 0.3762478657407407 0.4238098958333333 0.3584864189814815 0.4184732986111111 0.34761281944444444 0.3729674722222222 0.3349207662037037 0.3596742175925926 0.32628868981481485 0.34567585185185185 0.327706337962963 0.27495663425925926 0.3779401412037037 0.2896452708333333 0.4336664074074074 0.31316638888888887 0.4490156226851852 0.3319149953703704 0.47252931944444443 0.3452379375 0.48216340046296297 0.37361320833333334 0.4582563263888889 0.3936235972222222 0.4566605439814815 0.42217699999999997 0.43876549305555557 0.4524078333333333 0.4097890231481482 0.458946837962963 0.3935491365740741
0 0.8234462060185186 0.4088241296296296 0.8212046851851852 0.400867474537037 0.7949150694444443 0.39362335648148145 0.7739917430555556 0.3982548425925926 0.7733460046296295 0.4103085810185185 0.793861111111111 0.4257468657407407 0.796251074074074 0.438713537037037 0.8034729259259259 0.44551974305555553 0.821746511574074 0.4530013726851852 0.8367765717592592 0.45255603703703706 0.8436124652777778 0.44633619212962966 0.8411928101851851 0.4323675138888889 0.8197647708333333 0.41996493055555556 0.8234462060185186 0.4088241296296296
0 0.7359304351851852 0.46757867592592595 0.7455348287037038 0.45325373148148146 0.7449410486111111 0.433213650462963 0.7188889444444444 0.4339855625 0.7006450486111111 0.42750593750000004 0.6952490717592593 0.4146283287037037 0.6890886041666667 0.4097964444444444 0.6609137337962963 0.4066197222222222 0.6471528796296296 0.4160534027777778 0.646388386574074 0.4240991226851852 0.6506042268518519 0.4309943958333334 0.6658124189814815 0.43656108564814816 0.6702360833333333 0.4504703842592593 0.6763965509259259 0.45530227314814814 0.712528074074074 0.45623747453703706 0.7178646712962964 0.4671110740740741 0.7249677685185185 0.4699092615740741 0.7359304351851852 0.46757867592592595
18 0.5864314375 0.4990861365740741 0.5842196041666666 0.49213148611111107 0.5539813518518518 0.4870101319444444 0.5409849884259259 0.4883980925925926 0.5341490949074074 0.4946179398148148 0.5486521736111111 0.5102343587962963 0.5565494490740741 0.5059888287037038 0.5756172152777778 0.5064267430555556 0.5864314375 0.4990861365740741
18 0.588487400462963 0.6023222361111111 0.5633779212962963 0.6010604560185185 0.5564529606481481 0.6042742893518519 0.5591398148148148 0.6272610046296297 0.5733163148148148 0.6318553773148148 0.5911148773148148 0.6233049421296296 0.5916121666666667 0.6062411851851851 0.588487400462963 0.6023222361111111
18 0.7981957060185185 0.572039449074074 0.8009345162037037 0.5629323472222223 0.8322861064814815 0.5379342013888889 0.8331099791666666 0.531892488425926 0.8217613541666666 0.5211970231481482 0.8194901481481481 0.5122383657407407 0.795412361111111 0.5119488981481481 0.7845387615740741 0.5172854953703704 0.7841305370370371 0.5373552662037037 0.7752609467592593 0.5426324884259259 0.739188800925926 0.5437012916666667 0.7298219212962963 0.5660422708333334 0.7309723703703703 0.571022599537037 0.7441765555555555 0.5766486689814815 0.7495131550925926 0.5875222685185185 0.7643947708333334 0.5820669120370371 0.7918645254629629 0.595293363425926 0.7902984305555556 0.5762849768518519 0.7981957060185185 0.572039449074074
18 0.5237505185185185 0.5159866041666666 0.5098412199074074 0.5204102662037037 0.4914563009259259 0.5430184444444445 0.4881311319444444 0.5661832916666667 0.49559049537037037 0.5810055277777777 0.5108580671296297 0.5885762268518518 0.5120382060185185 0.5945585624999999 0.5270682662037037 0.5941132268518518 0.5422764606481482 0.5996799143518518 0.5806420787037037 0.574473949074074 0.5931634189814815 0.5570539212962963 0.5907140763888888 0.5420832407407408 0.5669851365740741 0.5197199953703704 0.5237505185185185 0.5159866041666666
18 0.6109322893518518 0.5475014861111112 0.6010013148148148 0.550804386574074 0.6022111435185186 0.5577887268518519 0.6365167916666666 0.5647953310185185 0.6473607013888889 0.5584567268518519 0.6669628703703703 0.5769307129629629 0.6733311597222221 0.5887766273148148 0.6843532037037037 0.588450048611111 0.6947295138888889 0.6001772060185184 0.723668875 0.5953082083333333 0.7264670625 0.5882051157407407 0.7224219351851852 0.5532240393518518 0.7172931597222223 0.5493644699074074 0.7139011898148148 0.5364274861111111 0.7276917337962963 0.5279958078703704 0.7195866342592593 0.5252273078703704 0.714250037037037 0.5143537083333334 0.7181096087962963 0.5092249305555556 0.7137750115740741 0.4983216435185185 0.6819780833333333 0.5082897268518519 0.674407388888889 0.5235572986111111 0.669308300925926 0.5206997314814815 0.6362421689814816 0.5216794699074074 0.6204476157407407 0.530170525462963 0.6035026157407407 0.53368125 0.6137601689814814 0.5414003935185185 0.6109322893518518 0.5475014861111112
17 0.24808808333333335 0.5542408912037037 0.24387224305555555 0.5473456157407407 0.24779119212962963 0.5442208495370371 0.23146223842592592 0.5346758333333334 0.22618501851851852 0.5258062407407407 0.21103620138888887 0.5222435601851851 0.21085806712962962 0.5162315370370371 0.2059371134259259 0.5193859930555556 0.2070875648148148 0.5243663263888889 0.1923247037037037 0.5338296944444445 0.19161959027777778 0.543879425925926 0.23362211342592593 0.5737242986111111 0.24543834027777778 0.5663540023148148 0.24225419444444446 0.5604310462962963 0.24808808333333335 0.5542408912037037
17 0.27275222453703707 0.5404726111111111 0.27770286805555555 0.5383201597222222 0.30008837962962964 0.4814953981481481 0.29943521990740746 0.4594513101851852 0.27742082175925925 0.4611064722222222 0.26961261342592596 0.46835801157407403 0.2547087314814815 0.5069091875 0.2563045162037037 0.5269195810185185 0.26361543518518515 0.5367317962962963 0.27275222453703707 0.5404726111111111
17 0.18436062962962965 0.5019733912037038 0.2014837638888889 0.5044746898148148 0.216306 0.4970153263888889 0.2158903541666667 0.4829872708333333 0.21055375462962964 0.4721136712962963 0.17957327546296295 0.4419422175925926 0.16454321527777777 0.44238755324074075 0.15366961574074073 0.4477241527777778 0.15544353472222222 0.4737465671296296 0.18436062962962965 0.5019733912037038
17 0.3635560555555556 0.5588426851851852 0.4409701435185185 0.5314768425925925 0.48496925231481486 0.5271645138888889 0.4857634328703704 0.520120798611111 0.48054559027777777 0.5132552152777778 0.4397825833333333 0.49139668287037036 0.4442582013888889 0.4732121666666667 0.4380383518518518 0.4663762731481481 0.42695693055555556 0.4646988425925926 0.40196620833333335 0.4674450763888889 0.3258807060185185 0.5058032731481481 0.32010619212962965 0.5139974398148148 0.3215238425925926 0.5279958055555556 0.3329021550925926 0.539693275462963 0.3409181875 0.5394557638888889 0.35862768055555555 0.5278993171296297 0.36393459027777775 0.5377709120370371 0.35739558796296295 0.5540108009259259 0.3635560555555556 0.5588426851851852
21 0.42364660648148145 0.5560593425925926 0.4073770300925926 0.5485183333333333 0.3648846388888889 0.5698350393518519 0.3097818402777777 0.6055657592592593 0.3039776388888889 0.6127579212962964 0.30418546064814816 0.619771951388889 0.310435 0.6276098472222222 0.3317739722222222 0.6370064212962964 0.36207160416666667 0.6441317824074074 0.3831136898148148 0.6435083148148147 0.4237802083333333 0.6282630069444445 0.43544798611111113 0.6158826921296296 0.4399829837962963 0.5997021828703704 0.43617536805555557 0.5727371412037038 0.42364660648148145 0.5560593425925926
19 0.2943880902777778 0.559889224537037 0.2729080949074074 0.5795804583333334 0.27722042129629626 0.6235795671296296 0.2428331273148148 0.647664775462963 0.24949831249999999 0.6695307291666667 0.2585460347222222 0.6702655300925926 0.2673859375 0.6639863055555556 0.30698398611111116 0.657798611111111 0.3306012569444444 0.6651219097222223 0.34754625694444446 0.6616111851851852 0.38079052314814815 0.6666434722222222 0.39343062037037035 0.653231462962963 0.4261701736111111 0.6412296828703703 0.4342752731481482 0.6439981805555556 0.4498694236111111 0.6625909236111112 0.45308325925925924 0.6695158842592592 0.45146520833333337 0.6826013148148148 0.46947159027777774 0.6810649074074073 0.4728635601851852 0.6940018912037037 0.48577085416666665 0.6896079189814814 0.4924879953703704 0.6793800555555556 0.5043339074074075 0.673011763888889 0.5245521226851851 0.6784300069444446 0.5371031481481482 0.6620119861111111 0.5405173842592593 0.6418531504629629 0.5418088587962964 0.6177456759259259 0.5367691481481481 0.6168921180555555 0.5180279629629629 0.6274762500000001 0.49072891898148147 0.5861639953703703 0.49031327314814815 0.5721359398148148 0.4849172986111111 0.5592583310185185 0.4789349606481481 0.5604384699074074 0.45965937268518514 0.5529865277777778 0.4513167615740741 0.5422019953703704 0.44424335648148144 0.5404058125 0.42951018518518513 0.5508711875 0.42907227546296295 0.569938951388889 0.35106440740740735 0.5772647152777778 0.3267491087962963 0.5689592152777778 0.3185252523148148 0.562182699074074 0.2943880902777778 0.559889224537037